0 1000 0.45
1 1000 0.45
2 50000 0.45
3 50000 0.45
4 50000 0.45
5 1000 0.45
6 50000 0.45
7 1000 0.45
8 50000 0.45
9 50000 0.45
10 50000 0.45
11 1000 0.45
12 1000 0.45
13 1000 0.45
14 1000 0.45
15 1000 0.45
16 1000 0.45
17 1000 0.45
18 50000 0.45
19 50000 0.45
20 1000 0.45
21 50000 0.45
22 50000 0.45
23 50000 0.45
24 1000 0.45
25 1000 0.45
26 1000 0.45
27 50000 0.45
28 50000 0.45
29 1000 0.45
30 50000 0.45
31 50000 0.45
32 50000 0.45
33 1000 0.45
34 1000 0.45
35 50000 0.45
36 50000 0.45
37 50000 0.45
38 50000 0.45
39 1000 0.45
40 50000 0.45
41 1000 0.45
42 50000 0.45
43 1000 0.45
44 1000 0.45
45 50000 0.45
46 50000 0.45
47 50000 0.45
48 1000 0.45
49 50000 0.45
50 50000 0.45
51 50000 0.45
52 50000 0.45
53 1000 0.45
54 1000 0.45
55 50000 0.45
56 1000 0.45
57 50000 0.45
58 50000 0.45
59 1000 0.45
60 50000 0.45
61 50000 0.45
62 50000 0.45
63 1000 0.45
64 50000 0.45
65 1000 0.45
66 1000 0.45
67 1000 0.45
68 50000 0.45
69 50000 0.45
70 50000 0.45
71 1000 0.45
72 1000 0.45
73 50000 0.45
74 1000 0.45
75 1000 0.45
76 50000 0.45
77 50000 0.45
78 50000 0.45
79 50000 0.45
80 1000 0.45
81 1000 0.45
82 50000 0.45
83 50000 0.45
84 50000 0.45
85 50000 0.45
86 50000 0.45
87 1000 0.45
88 50000 0.45
89 1000 0.45
90 50000 0.45
91 50000 0.45
92 50000 0.45
93 1000 0.45
94 50000 0.45
95 1000 0.45
96 50000 0.45
97 50000 0.45
98 50000 0.45
99 50000 0.45
100 50000 0.45
101 50000 0.45
102 1000 0.45
103 50000 0.45
104 50000 0.45
105 1000 0.45
106 1000 0.45
107 50000 0.45
108 50000 0.45
109 1000 0.45
110 50000 0.45
111 50000 0.45
112 1000 0.45
113 1000 0.45
114 1000 0.45
115 1000 0.45
116 50000 0.45
117 50000 0.45
118 50000 0.45
119 50000 0.45
120 1000 0.45
121 1000 0.45
122 50000 0.45
123 50000 0.45
124 50000 0.45
125 1000 0.45
126 1000 0.45
127 1000 0.45
128 50000 0.45
129 50000 0.45
130 1000 0.45
131 50000 0.45
132 50000 0.45
133 50000 0.45
134 50000 0.45
135 1000 0.45
136 50000 0.45
137 1000 0.45
138 1000 0.45
139 50000 0.45
140 1000 0.45
141 1000 0.45
142 1000 0.45
143 1000 0.45
144 50000 0.45
145 1000 0.45
146 50000 0.45
147 50000 0.45
148 1000 0.45
149 50000 0.45
150 50000 0.45
151 1000 0.45
152 50000 0.45
153 1000 0.45
154 50000 0.45
155 50000 0.45
156 1000 0.45
157 50000 0.45
158 50000 0.45
159 1000 0.45
160 1000 0.45
161 1000 0.45
162 1000 0.45
163 1000 0.45
164 50000 0.45
165 50000 0.45
166 50000 0.45
167 50000 0.45
168 1000 0.45
169 1000 0.45
170 50000 0.45
171 1000 0.45
172 50000 0.45
173 50000 0.45
174 1000 0.45
175 1000 0.45
176 50000 0.45
177 50000 0.45
178 1000 0.45
179 50000 0.45
180 1000 0.45
181 1000 0.45
182 50000 0.45
183 1000 0.45
184 1000 0.45
185 1000 0.45
186 1000 0.45
187 1000 0.45
188 50000 0.45
189 1000 0.45
190 50000 0.45
191 50000 0.45
192 50000 0.45
193 50000 0.45
194 50000 0.45
195 1000 0.45
196 50000 0.45
197 50000 0.45
198 1000 0.45
199 1000 0.45
200 50000 0.45
201 1000 0.45
202 1000 0.45
203 1000 0.45
204 1000 0.45
205 1000 0.45
206 1000 0.45
207 1000 0.45
208 50000 0.45
209 1000 0.45
210 50000 0.45
211 50000 0.45
212 50000 0.45
213 1000 0.45
214 50000 0.45
215 1000 0.45
216 1000 0.45
217 1000 0.45
218 1000 0.45
219 1000 0.45
220 50000 0.45
221 50000 0.45
222 50000 0.45
223 1000 0.45
224 50000 0.45
225 1000 0.45
226 50000 0.45
227 50000 0.45
228 50000 0.45
229 1000 0.45
230 1000 0.45
231 50000 0.45
232 50000 0.45
233 50000 0.45
234 1000 0.45
235 1000 0.45
236 50000 0.45
237 50000 0.45
238 1000 0.45
239 50000 0.45
240 50000 0.45
241 50000 0.45
242 50000 0.45
243 1000 0.45
244 1000 0.45
245 50000 0.45
246 50000 0.45
247 50000 0.45
248 1000 0.45
249 1000 0.45
250 1000 0.45
251 1000 0.45
252 50000 0.45
253 1000 0.45
254 50000 0.45
255 50000 0.45
256 50000 0.45
257 1000 0.45
258 50000 0.45
259 50000 0.45
260 50000 0.45
261 50000 0.45
262 50000 0.45
263 1000 0.45
264 50000 0.45
265 50000 0.45
266 50000 0.45
267 50000 0.45
268 50000 0.45
269 1000 0.45
270 1000 0.45
271 1000 0.45
272 1000 0.45
273 1000 0.45
274 1000 0.45
275 1000 0.45
276 1000 0.45
277 1000 0.45
278 1000 0.45
279 1000 0.45
280 50000 0.45
281 50000 0.45
282 1000 0.45
283 1000 0.45
284 50000 0.45
285 50000 0.45
286 50000 0.45
287 50000 0.45
288 1000 0.45
289 1000 0.45
290 1000 0.45
291 50000 0.45
292 1000 0.45
293 50000 0.45
294 50000 0.45
295 1000 0.45
296 50000 0.45
297 50000 0.45
298 1000 0.45
299 1000 0.45
300 1000 0.45
301 1000 0.45
302 1000 0.45
303 1000 0.45
304 1000 0.45
305 1000 0.45
306 50000 0.45
307 1000 0.45
308 1000 0.45
309 1000 0.45
310 1000 0.45
311 50000 0.45
312 50000 0.45
313 1000 0.45
314 1000 0.45
315 1000 0.45
316 50000 0.45
317 1000 0.45
318 50000 0.45
319 1000 0.45
320 50000 0.45
321 50000 0.45
322 1000 0.45
323 1000 0.45
324 1000 0.45
325 1000 0.45
326 1000 0.45
327 50000 0.45
328 1000 0.45
329 1000 0.45
330 1000 0.45
331 50000 0.45
332 50000 0.45
333 50000 0.45
334 50000 0.45
335 50000 0.45
336 50000 0.45
337 50000 0.45
338 1000 0.45
339 1000 0.45
340 50000 0.45
341 50000 0.45
342 1000 0.45
343 1000 0.45
344 50000 0.45
345 1000 0.45
346 50000 0.45
347 50000 0.45
348 1000 0.45
349 50000 0.45
350 1000 0.45
351 50000 0.45
352 50000 0.45
353 1000 0.45
354 1000 0.45
355 50000 0.45
356 50000 0.45
357 50000 0.45
358 50000 0.45
359 50000 0.45
360 1000 0.45
361 1000 0.45
362 1000 0.45
363 1000 0.45
364 1000 0.45
365 50000 0.45
366 50000 0.45
367 50000 0.45
368 1000 0.45
369 1000 0.45
370 50000 0.45
371 1000 0.45
372 1000 0.45
373 50000 0.45
374 1000 0.45
375 1000 0.45
376 50000 0.45
377 50000 0.45
378 50000 0.45
379 50000 0.45
380 1000 0.45
381 50000 0.45
382 1000 0.45
383 1000 0.45
384 1000 0.45
385 1000 0.45
386 50000 0.45
387 1000 0.45
388 50000 0.45
389 50000 0.45
390 1000 0.45
391 50000 0.45
392 1000 0.45
393 50000 0.45
394 1000 0.45
395 50000 0.45
396 1000 0.45
397 1000 0.45
398 1000 0.45
399 50000 0.45
400 50000 0.45
401 1000 0.45
402 1000 0.45
403 1000 0.45
404 1000 0.45
405 50000 0.45
406 50000 0.45
407 1000 0.45
408 1000 0.45
409 50000 0.45
410 50000 0.45
411 1000 0.45
412 50000 0.45
413 1000 0.45
414 1000 0.45
415 1000 0.45
416 1000 0.45
417 50000 0.45
418 50000 0.45
419 1000 0.45
420 50000 0.45
421 50000 0.45
422 1000 0.45
423 50000 0.45
424 1000 0.45
425 50000 0.45
426 50000 0.45
427 50000 0.45
428 1000 0.45
429 1000 0.45
430 50000 0.45
431 50000 0.45
432 1000 0.45
433 50000 0.45
434 1000 0.45
435 50000 0.45
436 1000 0.45
437 50000 0.45
438 1000 0.45
439 50000 0.45
440 50000 0.45
441 1000 0.45
442 1000 0.45
443 50000 0.45
444 50000 0.45
445 1000 0.45
446 1000 0.45
447 1000 0.45
448 50000 0.45
449 1000 0.45
450 50000 0.45
451 50000 0.45
452 1000 0.45
453 50000 0.45
454 50000 0.45
455 50000 0.45
456 1000 0.45
457 50000 0.45
458 50000 0.45
459 1000 0.45
460 50000 0.45
461 50000 0.45
462 50000 0.45
463 1000 0.45
464 50000 0.45
465 50000 0.45
466 1000 0.45
467 50000 0.45
468 1000 0.45
469 1000 0.45
470 50000 0.45
471 50000 0.45
472 1000 0.45
473 1000 0.45
474 1000 0.45
475 50000 0.45
476 50000 0.45
477 50000 0.45
478 50000 0.45
479 50000 0.45
480 50000 0.45
481 50000 0.45
482 50000 0.45
483 1000 0.45
484 50000 0.45
485 50000 0.45
486 1000 0.45
487 50000 0.45
488 1000 0.45
489 1000 0.45
490 1000 0.45
491 1000 0.45
492 50000 0.45
493 1000 0.45
494 50000 0.45
495 50000 0.45
496 50000 0.45
497 50000 0.45
498 50000 0.45
499 1000 0.45
500 50000 0.45
501 50000 0.45
502 1000 0.45
503 1000 0.45
504 1000 0.45
505 1000 0.45
506 1000 0.45
507 1000 0.45
508 1000 0.45
509 1000 0.45
510 1000 0.45
511 50000 0.45
512 50000 0.45
513 50000 0.45
514 50000 0.45
515 50000 0.45
516 50000 0.45
517 50000 0.45
518 50000 0.45
519 1000 0.45
520 1000 0.45
521 50000 0.45
522 50000 0.45
523 50000 0.45
524 50000 0.45
525 50000 0.45
526 1000 0.45
527 50000 0.45
528 50000 0.45
529 50000 0.45
530 50000 0.45
531 50000 0.45
532 50000 0.45
533 50000 0.45
534 50000 0.45
535 1000 0.45
536 1000 0.45
537 1000 0.45
538 1000 0.45
539 1000 0.45
540 1000 0.45
541 1000 0.45
542 1000 0.45
543 1000 0.45
544 50000 0.45
545 1000 0.45
546 1000 0.45
547 1000 0.45
548 1000 0.45
549 50000 0.45
550 50000 0.45
551 50000 0.45
552 50000 0.45
553 50000 0.45
554 50000 0.45
555 50000 0.45
556 50000 0.45
557 1000 0.45
558 1000 0.45
559 50000 0.45
560 50000 0.45
561 1000 0.45
562 1000 0.45
563 50000 0.45
564 50000 0.45
565 50000 0.45
566 50000 0.45
567 50000 0.45
568 1000 0.45
569 50000 0.45
570 50000 0.45
571 50000 0.45
572 50000 0.45
573 50000 0.45
574 50000 0.45
575 50000 0.45
576 50000 0.45
577 50000 0.45
578 50000 0.45
579 50000 0.45
580 50000 0.45
581 50000 0.45
582 1000 0.45
583 1000 0.45
584 50000 0.45
585 50000 0.45
586 50000 0.45
587 50000 0.45
588 50000 0.45
589 50000 0.45
590 1000 0.45
591 1000 0.45
592 50000 0.45
593 1000 0.45
594 1000 0.45
595 1000 0.45
596 50000 0.45
597 1000 0.45
598 50000 0.45
599 50000 0.45
600 1000 0.45
601 1000 0.45
602 1000 0.45
603 1000 0.45
604 50000 0.45
605 50000 0.45
606 1000 0.45
607 1000 0.45
608 1000 0.45
609 50000 0.45
610 50000 0.45
611 50000 0.45
612 50000 0.45
613 1000 0.45
614 1000 0.45
615 1000 0.45
616 1000 0.45
617 1000 0.45
618 1000 0.45
619 50000 0.45
620 50000 0.45
621 1000 0.45
622 50000 0.45
623 1000 0.45
624 1000 0.45
625 1000 0.45
626 1000 0.45
627 50000 0.45
628 1000 0.45
629 1000 0.45
630 50000 0.45
631 1000 0.45
632 50000 0.45
633 1000 0.45
634 1000 0.45
635 50000 0.45
636 50000 0.45
637 1000 0.45
638 50000 0.45
639 50000 0.45
640 50000 0.45
641 50000 0.45
642 1000 0.45
643 50000 0.45
644 50000 0.45
645 50000 0.45
646 50000 0.45
647 50000 0.45
648 50000 0.45
649 50000 0.45
650 50000 0.45
651 50000 0.45
652 50000 0.45
653 50000 0.45
654 50000 0.45
655 50000 0.45
656 50000 0.45
657 50000 0.45
658 1000 0.45
659 1000 0.45
660 1000 0.45
661 50000 0.45
662 50000 0.45
663 1000 0.45
664 1000 0.45
665 50000 0.45
666 50000 0.45
667 1000 0.45
668 1000 0.45
669 1000 0.45
670 1000 0.45
671 1000 0.45
672 1000 0.45
673 50000 0.45
674 50000 0.45
675 1000 0.45
676 1000 0.45
677 50000 0.45
678 50000 0.45
679 1000 0.45
680 1000 0.45
681 1000 0.45
682 1000 0.45
683 50000 0.45
684 1000 0.45
685 50000 0.45
686 50000 0.45
687 50000 0.45
688 1000 0.45
689 50000 0.45
690 50000 0.45
691 50000 0.45
692 1000 0.45
693 1000 0.45
694 1000 0.45
695 1000 0.45
696 1000 0.45
697 1000 0.45
698 1000 0.45
699 1000 0.45
700 1000 0.45
701 1000 0.45
702 50000 0.45
703 50000 0.45
704 50000 0.45
705 50000 0.45
706 50000 0.45
707 1000 0.45
708 50000 0.45
709 50000 0.45
710 1000 0.45
711 1000 0.45
712 1000 0.45
713 1000 0.45
714 1000 0.45
715 50000 0.45
716 50000 0.45
717 1000 0.45
718 1000 0.45
719 50000 0.45
720 50000 0.45
721 50000 0.45
722 50000 0.45
723 50000 0.45
724 50000 0.45
725 50000 0.45
726 1000 0.45
727 1000 0.45
728 50000 0.45
729 50000 0.45
730 1000 0.45
731 1000 0.45
732 50000 0.45
733 50000 0.45
734 50000 0.45
735 50000 0.45
736 1000 0.45
737 50000 0.45
738 50000 0.45
739 50000 0.45
740 50000 0.45
741 50000 0.45
742 50000 0.45
743 50000 0.45
744 1000 0.45
745 1000 0.45
746 1000 0.45
747 1000 0.45
748 50000 0.45
749 50000 0.45
750 50000 0.45
751 1000 0.45
752 1000 0.45
753 50000 0.45
754 50000 0.45
755 1000 0.45
756 50000 0.45
757 50000 0.45
758 50000 0.45
759 50000 0.45
760 1000 0.45
761 50000 0.45
762 50000 0.45
763 1000 0.45
764 1000 0.45
765 1000 0.45
766 1000 0.45
767 1000 0.45
768 50000 0.45
769 1000 0.45
770 1000 0.45
771 1000 0.45
772 50000 0.45
773 50000 0.45
774 1000 0.45
775 1000 0.45
776 1000 0.45
777 1000 0.45
778 50000 0.45
779 1000 0.45
780 50000 0.45
781 1000 0.45
782 50000 0.45
783 1000 0.45
784 50000 0.45
785 1000 0.45
786 50000 0.45
787 50000 0.45
788 1000 0.45
789 1000 0.45
790 1000 0.45
791 1000 0.45
792 1000 0.45
793 50000 0.45
794 1000 0.45
795 50000 0.45
796 50000 0.45
797 1000 0.45
798 1000 0.45
799 1000 0.45
800 1000 0.45
801 1000 0.45
802 50000 0.45
803 1000 0.45
804 1000 0.45
805 1000 0.45
806 50000 0.45
807 50000 0.45
808 50000 0.45
809 50000 0.45
810 50000 0.45
811 50000 0.45
812 1000 0.45
813 1000 0.45
814 1000 0.45
815 1000 0.45
816 50000 0.45
817 50000 0.45
818 1000 0.45
819 1000 0.45
820 1000 0.45
821 50000 0.45
822 50000 0.45
823 50000 0.45
824 1000 0.45
825 1000 0.45
826 1000 0.45
827 1000 0.45
828 50000 0.45
829 1000 0.45
830 50000 0.45
831 50000 0.45
832 50000 0.45
833 1000 0.45
834 1000 0.45
